== dense: trained in 348 s; noise 0.3295, exponent 0.4206, range 71.67
      rmse      mae    bias     crps  goodness
5  215.702  170.327 -45.832  123.388     0.889
-- out-of-fold variogram, sill 64406, VS 45.9
   lag   pairs     data    lift  fan-lo  fan-med  fan-hi  data/med
       8   1708    46586   42404   53469    54896   57702    0.85
      23   4342    43253   27810   42273    44408   51810    0.97
      39   5594    58702   28507   51444    55632   63087    1.06
      54   6837    69910   29712   61492    65731   73992    1.06
      70   7577    70998   29901   62914    67685   75887    1.05
      85   8609    64539   28775   59532    63634   70151    1.01
     101   8150    62271   28311   59203    62539   70769    1.00
     117   8873    65524   29044   61833    65515   72446    1.00
     132   8360    68513   29363   64135    67208   75271    1.02
     148   8620    68133   28697   62081    65727   73347    1.04
     163   8218    68243   28962   63508    67718   75652    1.01
     179   8018    68442   29476   63968    67766   76782    1.01
-- spread by predicted grade: centre, count, observed rms, noise sd, total sd
      119   79     128     100     108
      244   78     204     151     164
      322   78     213     178     194
      413   78     237     206     223
      516   78     239     235     256
      720   79     249     286     304
-- declustered: data variance 64406, noise 28414 (0.44), ground realizations 35598 (0.55), together 0.99 of the data
-- truth: rmse 154.2, bias 2.9, true variance 62422, mean noise variance 28253
-- exhaustive grid variogram, sill 63256, VS 36.0
   lag   pairs     data    lift  fan-lo  fan-med  fan-hi  data/med
       8  20929    26942   28854   38628    39858   41460    0.68
      24  53307    48331   29233   54825    57014   61103    0.85
      40  80617    63277   29484   67407    71029   76650    0.89
      55 101915    67959   29594   73153    77173   82890    0.88
      71 132361    66458   29356   71985    76047   80774    0.87
      87 143934    65061   29225   71177    74952   79004    0.87
     103 149558    63216   28934   69955    73916   78307    0.86
     119 152082    62483   28664   69807    74165   78477    0.84
     135 150723    64479   28733   71586    75594   80139    0.85
     150 164774    67915   29211   73880    77446   81503    0.88
     166 150023    69379   29390   73926    78074   82168    0.89
     182 137760    70400   29565   73730    77706   82591    0.91
-- lowest 0.05 quantile 1.719, lowest prediction 8.931, negative realization values 0.0000%
