== chapter: trained in 215 s; noise 0.3687, exponent 0.4197, range 87.88
      rmse      mae    bias     crps  goodness
5  213.247  170.692 -17.092  122.053     0.963
-- out-of-fold variogram, sill 64406, VS 48.8
   lag   pairs     data    lift  fan-lo  fan-med  fan-hi  data/med
       8   1708    46586   59027   67249    69371   71065    0.67
      23   4342    43253   39395   50208    54037   57181    0.80
      39   5594    58702   40453   58875    66051   70633    0.89
      54   6837    69910   42108   68345    76751   80867    0.91
      70   7577    70998   42093   69821    78362   83321    0.91
      85   8609    64539   40419   66157    74249   80537    0.87
     101   8150    62271   39963   65988    74440   80564    0.84
     117   8873    65524   41050   68879    77983   83484    0.84
     132   8360    68513   41512   71012    80284   86640    0.85
     148   8620    68133   40565   69338    77567   84599    0.88
     163   8218    68243   40813   70130    78920   86734    0.86
     179   8018    68442   41707   71386    80002   88284    0.86
-- spread by predicted grade: centre, count, observed rms, noise sd, total sd
      137   79     130     122     130
      279   78     197     185     196
      369   78     219     218     230
      440   78     214     242     255
      537   78     244     272     285
      746   79     254     330     342
-- declustered: data variance 64406, noise 40256 (0.63), ground realizations 36318 (0.56), together 1.19 of the data
-- truth: rmse 158.6, bias 19.0, true variance 62422, mean noise variance 38381
-- exhaustive grid variogram, sill 63256, VS 39.0
   lag   pairs     data    lift  fan-lo  fan-med  fan-hi  data/med
       8  20929    26942   39003   45494    47090   48041    0.57
      24  53307    48331   39558   58266    62838   65730    0.77
      40  80617    63277   39903   69429    76689   81191    0.83
      55 101915    67959   40018   75917    83577   88233    0.81
      71 132361    66458   39634   76084    83744   88737    0.79
      87 143934    65061   39487   74909    82825   87532    0.79
     103 149558    63216   39178   73588    81067   85583    0.78
     119 152082    62483   38856   73201    80613   85285    0.78
     135 150723    64479   38920   74365    82450   87501    0.78
     150 164774    67915   39435   76473    84850   90839    0.80
     166 150023    69379   39628   77401    85700   92877    0.81
     182 137760    70400   39876   77129    85234   92132    0.83
-- lowest 0.05 quantile 2.897, lowest prediction 8.582, negative realization values 0.0000%
