== yeojohnson: trained in 213 s; noise 0.3753, exponent 0.5825, range 87.62
      rmse      mae   bias     crps  goodness
5  211.525  169.507 -11.55  119.006     0.932
-- out-of-fold variogram, sill 64406, VS 49.5
   lag   pairs     data    lift  fan-lo  fan-med  fan-hi  data/med
       8   1708    46586   41631   49045    50274   51467    0.93
      23   4342    43253   30469   40665    43165   45313    1.00
      39   5594    58702   31118   48963    53670   56845    1.09
      54   6837    69910   32034   57725    63279   66136    1.10
      70   7577    70998   32044   59291    64764   67584    1.10
      85   8609    64539   31082   56497    61564   65060    1.05
     101   8150    62271   30786   56538    61770   65162    1.01
     117   8873    65524   31359   58821    64414   67635    1.02
     132   8360    68513   31618   60605    66530   70099    1.03
     148   8620    68133   31114   59335    64567   68348    1.06
     163   8218    68243   31230   60095    65686   70065    1.04
     179   8018    68442   31758   60896    66400   71015    1.03
-- spread by predicted grade: centre, count, observed rms, noise sd, total sd
      154   79     133     126     134
      292   78     199     170     181
      378   78     198     191     202
      447   78     224     206     217
      536   78     244     223     234
      736   79     249     256     264
-- declustered: data variance 64406, noise 30893 (0.48), ground realizations 32534 (0.51), together 0.98 of the data
-- truth: rmse 157.7, bias 23.1, true variance 62422, mean noise variance 29018
-- exhaustive grid variogram, sill 63256, VS 39.7
   lag   pairs     data    lift  fan-lo  fan-med  fan-hi  data/med
       8  20929    26942   29378   35274    36248   36915    0.74
      24  53307    48331   29709   47003    49806   51996    0.97
      40  80617    63277   29918   57690    62372   65355    1.01
      55 101915    67959   29993   63983    68624   71375    0.99
      71 132361    66458   29787   64345    68621   71213    0.97
      87 143934    65061   29688   63282    67620   70112    0.96
     103 149558    63216   29492   62233    66429   68778    0.95
     119 152082    62483   29297   62119    66593   68939    0.94
     135 150723    64479   29328   63211    68269   70878    0.94
     150 164774    67915   29616   64979    70029   73280    0.97
     166 150023    69379   29742   65747    70513   74694    0.98
     182 137760    70400   29890   65395    70397   74046    1.00
-- lowest 0.05 quantile 1.553, lowest prediction 21.207, negative realization values 0.0012%
