== shift1: trained in 215 s; noise 0.3753, exponent 0.5825, range 87.62
      rmse      mae    bias   crps  goodness
5  211.536  169.546 -11.474  119.0     0.932
-- out-of-fold variogram, sill 64406, VS 49.5
   lag   pairs     data    lift  fan-lo  fan-med  fan-hi  data/med
       8   1708    46586   41624   49031    50264   51456    0.93
      23   4342    43253   30437   40606    43114   45261    1.00
      39   5594    58702   31088   48876    53597   56756    1.10
      54   6837    69910   32005   57603    63184   66040    1.11
      70   7577    70998   32015   59161    64669   67488    1.10
      85   8609    64539   31051   56369    61476   64988    1.05
     101   8150    62271   30755   56410    61668   65089    1.01
     117   8873    65524   31328   58699    64335   67562    1.02
     132   8360    68513   31588   60479    66429   70025    1.03
     148   8620    68133   31083   59205    64454   68279    1.06
     163   8218    68243   31199   59959    65592   69993    1.04
     179   8018    68442   31729   60755    66295   70943    1.03
-- spread by predicted grade: centre, count, observed rms, noise sd, total sd
      155   79     133     126     134
      292   78     199     170     180
      378   78     198     191     202
      447   78     224     206     217
      536   78     244     223     234
      736   79     249     256     264
-- declustered: data variance 64406, noise 30861 (0.48), ground realizations 32458 (0.50), together 0.98 of the data
-- truth: rmse 157.8, bias 23.4, true variance 62422, mean noise variance 28977
-- exhaustive grid variogram, sill 63256, VS 39.8
   lag   pairs     data    lift  fan-lo  fan-med  fan-hi  data/med
       8  20929    26942   29338   35217    36199   36861    0.74
      24  53307    48331   29670   46904    49733   51911    0.97
      40  80617    63277   29879   57534    62234   65233    1.02
      55 101915    67959   29955   63779    68448   71231    0.99
      71 132361    66458   29748   64122    68471   71083    0.97
      87 143934    65061   29648   63065    67476   69983    0.96
     103 149558    63216   29452   62027    66296   68654    0.95
     119 152082    62483   29257   61917    66443   68817    0.94
     135 150723    64479   29287   63009    68120   70731    0.95
     150 164774    67915   29576   64774    69883   73160    0.97
     166 150023    69379   29702   65537    70355   74573    0.99
     182 137760    70400   29852   65186    70242   73928    1.00
-- lowest 0.05 quantile 7.986, lowest prediction 24.956, negative realization values 0.0000%
