== shift1_long: trained in 501 s; noise 0.7540, exponent 0.6273, range 73.20
      rmse      mae    bias     crps  goodness
5  213.014  171.609 -20.977  120.453     0.885
-- out-of-fold variogram, sill 64406, VS 51.1
   lag   pairs     data    lift  fan-lo  fan-med  fan-hi  data/med
       8   1708    46586   37228   43354    44128   45002    1.06
      23   4342    43253   28046   37320    38720   40525    1.12
      39   5594    58702   28614   45015    48262   51475    1.22
      54   6837    69910   29347   53146    57051   60010    1.23
      70   7577    70998   29395   54740    58778   61272    1.21
      85   8609    64539   28616   52267    55838   58391    1.16
     101   8150    62271   28359   52313    56030   58386    1.11
     117   8873    65524   28822   54631    58573   61194    1.12
     132   8360    68513   29041   56490    60723   63422    1.13
     148   8620    68133   28606   55578    59479   61891    1.15
     163   8218    68243   28699   56558    60535   64010    1.13
     179   8018    68442   29080   57347    61185   64308    1.12
-- spread by predicted grade: centre, count, observed rms, noise sd, total sd
      158   79     136     126     133
      290   78     194     165     174
      368   78     196     183     191
      438   78     233     196     205
      517   78     248     209     218
      714   79     249     237     244
-- declustered: data variance 64406, noise 28350 (0.44), ground realizations 29274 (0.45), together 0.89 of the data
-- truth: rmse 155.9, bias 20.6, true variance 62422, mean noise variance 26717
-- exhaustive grid variogram, sill 63256, VS 39.1
   lag   pairs     data    lift  fan-lo  fan-med  fan-hi  data/med
       8  20929    26942   27038   33387    34220   34889    0.79
      24  53307    48331   27325   46060    48541   50567    1.00
      40  80617    63277   27508   57171    61384   64007    1.03
      55 101915    67959   27575   63386    67702   69962    1.00
      71 132361    66458   27393   63619    67212   69244    0.99
      87 143934    65061   27303   62633    65950   68065    0.99
     103 149558    63216   27133   61623    65106   66655    0.97
     119 152082    62483   26962   61556    65675   67193    0.95
     135 150723    64479   26979   62709    67241   69231    0.96
     150 164774    67915   27203   64466    68724   71012    0.99
     166 150023    69379   27314   65084    68925   71740    1.01
     182 137760    70400   27467   64719    68854   71050    1.02
-- lowest 0.05 quantile 6.831, lowest prediction 35.418, negative realization values 0.0000%
