== long: trained in 501 s; noise 0.7213, exponent 0.4500, range 74.39
      rmse      mae    bias     crps  goodness
5  214.419  172.595 -29.188  122.753     0.914
-- out-of-fold variogram, sill 64406, VS 50.3
   lag   pairs     data    lift  fan-lo  fan-med  fan-hi  data/med
       8   1708    46586   50539   57508    58792   60000    0.79
      23   4342    43253   34664   44629    46875   49250    0.92
      39   5594    58702   35560   52819    57563   61097    1.02
      54   6837    69910   36884   61641    67507   71025    1.04
      70   7577    70998   36944   63176    69201   72878    1.03
      85   8609    64539   35603   60051    66017   70116    0.98
     101   8150    62271   35199   59842    65957   69757    0.94
     117   8873    65524   36067   62510    69003   72712    0.95
     132   8360    68513   36433   64513    70950   75038    0.97
     148   8620    68133   35642   63185    69122   73529    0.99
     163   8218    68243   35866   64199    70368   76242    0.97
     179   8018    68442   36525   65199    71286   76314    0.96
-- spread by predicted grade: centre, count, observed rms, noise sd, total sd
      142   79     131     121     127
      276   78     195     176     185
      357   78     209     204     212
      425   78     230     225     235
      515   78     247     250     261
      721   79     251     302     311
-- declustered: data variance 64406, noise 35295 (0.55), ground realizations 31830 (0.49), together 1.04 of the data
-- truth: rmse 156.8, bias 16.8, true variance 62422, mean noise variance 34328
-- exhaustive grid variogram, sill 63256, VS 38.4
   lag   pairs     data    lift  fan-lo  fan-med  fan-hi  data/med
       8  20929    26942   34854   41832    43158   43903    0.62
      24  53307    48331   35318   55651    59439   62026    0.81
      40  80617    63277   35619   67358    73570   77444    0.86
      55 101915    67959   35739   73759    80657   83938    0.84
      71 132361    66458   35428   73799    79583   84158    0.84
      87 143934    65061   35306   72722    78373   82938    0.83
     103 149558    63216   35034   71394    77267   80997    0.82
     119 152082    62483   34750   71051    77766   80629    0.80
     135 150723    64479   34790   72293    79233   82924    0.81
     150 164774    67915   35195   74402    81242   85830    0.84
     166 150023    69379   35352   75153    81306   87288    0.85
     182 137760    70400   35585   74800    81683   86188    0.86
-- lowest 0.05 quantile 3.688, lowest prediction 11.474, negative realization values 0.0000%
