== exponential: trained in 188 s; noise 0.3830, exponent 0.4166, range 125.71
      rmse      mae    bias     crps  goodness
5  219.597  175.817 -20.087  126.127     0.964
-- out-of-fold variogram, sill 64406, VS 52.7
   lag   pairs     data    lift  fan-lo  fan-med  fan-hi  data/med
       8   1708    46586   63562   70221    72007   73303    0.65
      23   4342    43253   43947   52282    55352   57818    0.78
      39   5594    58702   45128   59501    65064   68791    0.90
      54   6837    69910   46913   67710    74552   79221    0.94
      70   7577    70998   46789   69396    76862   81898    0.92
      85   8609    64539   45133   66892    74430   80986    0.87
     101   8150    62271   44743   67358    75337   82535    0.83
     117   8873    65524   45873   70216    78519   85739    0.83
     132   8360    68513   46362   72339    80898   89204    0.85
     148   8620    68133   45400   70645    78739   87198    0.87
     163   8218    68243   45612   71298    79883   88963    0.85
     179   8018    68442   46472   72613    81566   91097    0.84
-- spread by predicted grade: centre, count, observed rms, noise sd, total sd
      146   79     144     132     138
      284   78     194     196     205
      377   78     213     231     241
      440   78     230     254     265
      525   78     255     281     292
      720   79     260     340     349
-- declustered: data variance 64406, noise 44934 (0.70), ground realizations 32670 (0.51), together 1.20 of the data
-- truth: rmse 161.7, bias 26.1, true variance 62422, mean noise variance 43097
-- exhaustive grid variogram, sill 63256, VS 40.9
   lag   pairs     data    lift  fan-lo  fan-med  fan-hi  data/med
       8  20929    26942   43816   49216    50658   51367    0.53
      24  53307    48331   44412   59984    64067   66681    0.75
      40  80617    63277   44800   69527    76349   80230    0.83
      55 101915    67959   44950   75312    82806   87210    0.82
      71 132361    66458   44548   76067    83847   89245    0.79
      87 143934    65061   44439   75680    83698   89035    0.78
     103 149558    63216   44154   74750    82362   87453    0.77
     119 152082    62483   43823   74381    82040   87152    0.76
     135 150723    64479   43877   75406    83429   89163    0.77
     150 164774    67915   44391   77325    85627   92271    0.79
     166 150023    69379   44558   78100    86407   94214    0.80
     182 137760    70400   44761   77899    86458   93580    0.81
-- lowest 0.05 quantile 4.268, lowest prediction 10.301, negative realization values 0.0000%
